162
-144
257
4
60
-155
109
159
-278
482
-98
-623
-390
263
19
288
155
-57
-232
492
-120
-107
270
-167
258
-349
370
-63
-138
-246
-247
155
97
-202
-194
114
-212
-294
7
-202
-305
-453
111
-506
-125
275
-230
413
-37
332
180
133
49
-51
-109
150
118
136
200
-28
79
-348
-142
260
110
-165
7
-357
-66
79
91
-598
239
-131
383
272
-413
580
185
154
68
-826
-223
-42
12
48
-448
234
-328
-297
-69
-156
-252
-276
47
-239
18
261
-44
197
842
-338
272
-185
7
666
81
-4
-114
-315
-346
-221
9
-159
-53
-31
-318
-214
577
223
1
-139
296
-218
-102
14
27
-296
479
-268
213
-102
259
71
-89
391
-367
-23
-240
-34
-151
73
339
-43
-35
-100
-59
-78
-29
-96
426
-136
41
-430
159
432
26
252
122
-235
286
-449
56
-32
261
-30
-150
183
-276
28
-134
-28
-167
-188
204
-167
223
380
-96
-487
168
572
51
-428
-399
-272
3
266
420
88
-381
-418
-250
-343
-359
-96
-144
-217
-326
-16
238
-55
137
-495
48
-284
98
-169
276
-294
-100
-33
553
208
121
-52
-323
-511
-101
185
75
-190
-15
-202
-116
-14
-20
202
-459
-229
323
-284
287
140
0
-262
86
-188
170
410
0
-121
331
-58
-344
-79
-308
-146
399
-533
257
24
150
-196
-140
-237
-38
247
320
394
205
2
204
-84
170
-26
-105
-2
-213
-99
-382
243
26
215
214
-529
326
168
261
-417
-104
-306
-17
-355
168
131
444
-207
484
177
-108
-213
67
277
-167
93
57
33
-166
476
-28
-227
-38
-369
302
-203
520
-47
310
336
-270
154
568
-40
-191
166
131
-124
93
44
395
134
276
191
-233
421
-47
291
-266
-18
342
111
-71
-260
445
286
101
77
-4
-37
-531
-200
-295
188
-227
361
206
-306
-195
290
-383
-306
-231
-536
-28
143
-520
-49
-9
480
-88
43
207
-251
811
50
91
-284
-184
-23
449
-102
-373
385
462
204
277
-312
99
-67
443
-118
-56
-494
440
301
128
298
163
71
50
-17
-125
-240
44
-485
-119
-463
-31
0
62
258
-184
-20
57
-140
323
166
53
256
-148
-333
-144
-172
18
468
-95
62
-240
276
24
224
-127
406
166
334
170
-494
2
-311
183
-165
-156
-388
38
157
64
-225
-90
-461
213
124
393
-247
122
94
-147
-175
542
164
198
-31
383
-56
-22
184
203
-570
131
54
-118
92
473
73
17
351
-505
200
169
-33
-408
-298
379
-705
251
-5
321
38
48
30
189
52
-17
-103
184
-485
12
129
180
33
-156
-132
268
-19
352
204
11
-191
-194
-240
282
-247
-89
-202
94
-401
-150
36
-61
-103
-121
-313
586
-20
-170
-35
240
251
316
-228
136
50
-350
-15
9
-101
157
-19
158
-11
352
-13
-264
260
-246
-106
-45
68
120
-360
-192
199
-15
-341
47
115
-479
-286
-55
-63
-762
244
416
299
-46
116
-129
-304
-55
154
-309
558
-128
212
69
-31
40
-191
278
-45
-193
-135
122
-41
331
-147
267
-114
-218
220
-375
-334
-50
125
-216
75
-351
318
10
-32
-103
326
-142
267
-139
-141
-155
-404
-78
-38
-147
-196
-162
-3
285
-50
-487
-368
45
198
47
-225
-123
-5
-105
-238
-102
-162
-381
121
315
224
120
479
-24
-64
387
-805
80
83
0
433
104
-116
60
197
280
181
-412
76
-386
-201
203
182
-290
-117
66
-9
315
156
-335
579
2
196
-148
220
138
104
278
-138
101
-90
-98
472
93
-66
89
-240
175
173
-49
219
343
-169
73
-439
-345
39
84
75
217
-301
-147
-166
-259
355
-83
115
-580
443
132
-20
334
38
-228
204
165
-183
-554
-95
449
-79
244
-340
101
-107
124
-109
291
450
-188
-507
82
-97
-178
35
84
-184
-216
8
-115
-265
-117
-197
200
312
128
-193
-27
-79
232
2
122
243
460
96
-14
247
446
-464
-186
89
-98
-233
251
290
-89
-335
-58
21
-472
-195
16
-51
171
-74
-315
-324
50
175
-1
-247
204
217
-440
344
-21
-415
-29
-89
224
-103
196
390
-211
28
187
-476
121
87
-175
-60
171
416
-468
119
228
-105
-161
-236
-20
161
98
26
50
277
-216
-420
111
196
-188
209
-85
-118
406
-702
-557
-231
305
-353
500
83
-119
-48
-179
34
360
227
-454
-564
-236
-251
201
122
88
71
-229
221
566
-350
229
-68
-9
128
141
322
-223
-225
-253
-10
-359
-24
-330
19
54
-38
609
16
-83
226
-81
-183
-418
201
-329
-3
-10
154
103
342
185
-24
-73
-420
-100
-128
-48
205
328
-141
237
-7
85
76
302
-44
53
379
109
-46
-298
84
243
246
310
180
-105
102
-205
-500
15
-201
-14
168
-180
27
-348
0
-198
130
-55
110
-188
195
-8
114
-59
-226
-82
528
-241
-200
-145
-131
-429
572
-8
34
263
329
-73
142
-189
-204
77
-124
-271
79
-294
190
12
188
-225
352
251
55
183
358
148
-102
-16
-401
-414
-67
273
-204
-162
-38
-166
131
335
-128
420
449
-195
-373
58
-164
338
336
201
-310
6
-81
-523
-113
-79
-239
439
-285
16
-36
61
174
380
227
94
368
-30
14
76
-304
282
-269
-31
-748
-402
-321
-17
250
271
-166
521
-92
241
-333
-143
-54
-291
16
376
-299
150
307
-78
-94
357
-677
59
91
37
-127
76
74
259
-162
-205
-306
-323
386
-481
-68
151
91
